601
5661
10244
12112
17447
19921
28562
34134
36637
46613
51418
52352
54755
57224
61261
65971
70804
74708
78412
83183
92739
98833
103304
124664
130364
132599
141401
154659
162696
166063
171503
174841
177929
180757
188755
190824
195095
199866
212588
245245
261027
264865
271505
276777
279546
298131
305472
309263
313313
316516
328295
331464
336002
341842
347373
350557
352526
367803
373304
378718
382649
387053
387921
390490
392796
394127
404595
409309
412379
415181
417250
424257
429525
441508
442506
450026
469536
472906
481214
486787
496493
508622
511745
521292
525200
535268
538772
540940
546178
553735
561261
568334
572605
575442
586245
598364
601167
605171
608341
613246
615381
618718
622489
624822
630563
633666
639038
650316
653453
657323
662061
664364
667800
673606
678678
684184
694395
703545
708294
712421
718651
721187
728534
733399
737538
746613
752986
759726
763363
768701
772947
